22222222
22222222
22222222
22222222
22222222
22222222
22222222
22222222
22222222
22222222
22222222
22222222
22222222
22222222
22222222
11111111
11111111
11111111
11111111
11111111
11111111
11111111
11111111
11111111
11111111
02222220
02222220
02222220
02222220
02222220
02222220
02222220
02222220
02222220
02222220
02222220
02222220
02222220
02222220
02222220
01111110
01111110
01111110
01111110
01111110
01111110
01111110
01111110
01111110
01111110
00222200
00222200
00222200
00222200
00222200
00222200
00222200
00222200
00222200
00222200
00222200
00222200
00222200
00222200
00222200
00222200
00111100
00111100
00111100
00111100
00111100
00111100
00111100
00111100
00111100
00111100
00011000
00011000
00011000
00011000
00011000
00011000
00011000
00011000
00011000
00011000
00011000
00011000
00011000
00011000
00011000
00011000
00011000
00011000
00011000
00011000
00011000
00011000
00011000
00011000
00011000

