11111111
11111111
11111111
11111111
11111111
11111111
11111111
11111111
11111111
11111111
11111111
11111111
11111111
11111111
11111111
11111111
11111111
11111111
11111111
11111111
11111111
11111111
11111111
11111111
11111111
01111110
01111110
01111110
01111110
01111110
01111110
01111110
01111110
01111110
01111110
01111110
01111110
01111110
01111110
01111110
01111110
01111110
01111110
01111110
01111110
01111110
01111110
01111110
01111110
01111110
00111100
00111100
00111100
00111100
00111100
00111100
00111100
00111100
00111100
00111100
00111100
00111100
00111100
00111100
00111100
00111100
00111100
00111100
00111100
00111100
00111100
00111100
00111100
00111100
00111100
00111100
00011000
00011000
00011000
00011000
00011000
00011000
00011000
00011000
00011000
00011000
00011000
00011000
00011000
00011000
00011000
00011000
00011000
00011000
00011000
00011000
00011000
00011000
00011000
00011000
00011000

