11111111
11111111
11111111
11111111
11111111
11111111
11111111
11111111
11111111
11111111
11111111
11111111
11111111
11110111
11110111
11110111
11110111
11110111
11110111
11110111
11110111
11110111
11110111
11110111
11110111
11110111
11110111
11110111
11110111
11110111
11110111
11110111
11110111
11110111
11110111
11110111
11110111
11110111
11100111
11100111
11100111
11100111
11100111
11100111
11100111
11100111
11100111
11100111
11100111
11100111
11100111
11100111
11100111
11100111
11100111
11100111
11100111
11100111
11100111
11100111
11100111
11000011
11000011
11000011
11000011
11000011
11000011
11000011
11000011
11000011
11000011
11000011
11000011
11000011
11000011
11000011
11000011
11000011
11000011
11000011
11000011
11000011
11000011
11000011
11000011
11000011
11000011
11000011
