21111112
21111112
21111112
21111112
21111112
21111112
21111112
21111112
21111112
21121212
21121212
21121212
21121212
21110112
21110112
21110112
21110112
21110112
21110112
21110112
21110112
21110112
21110112
21110112
21110112
21110112
21110112
21110112
21110112
21110112
21110112
21110112
21110112
21110112
11110111
11110111
11210111
11210111
11100111
11100111
11100111
11100111
11100111
11100111
11100111
11100111
11100111
11100111
11100111
11100111
11100111
11100111
11100111
11100111
11100111
11100121
11100121
11100121
11100121
11100111
11100111
11000011
11000011
11000011
11000011
11000011
11000011
11000011
11000011
11000011
11000011
11000011
11000011
11000011
11000011
11000011
11000011
11000011
11000011
11000011
11000011
11000011
11000011
11000011
11000011
11000011
11000011
11000011
